1:ItNr	2:Metric	3a:Time	3b:StepSize	4:||Gradient||	Time[ms]
0	8.224251	0.000000	0.034363	9.041964	167.1
1	9.737836	0.000000	0.034363	10.190441	1.9
2	7.937473	0.996789	0.032806	3.669374	2.2
3	3.835911	0.589949	0.033424	2.380566	2.3
4	5.337098	0.183794	0.034065	6.925988	1.9
5	5.329416	0.429069	0.033675	3.290364	1.9
6	4.436544	1.422408	0.032183	3.318960	2.0
7	3.243486	1.015589	0.032778	2.793376	1.9
8	4.161146	0.608957	0.033395	1.794507	2.0
9	2.706917	0.251882	0.033956	2.334041	2.9
10	6.370216	0.000000	0.034363	3.779750	2.0
11	5.662566	0.000000	0.034363	5.720680	2.5
12	3.573418	0.995106	0.032809	3.500996	1.9
13	5.563786	1.995103	0.031382	4.506497	1.9
14	4.798030	2.994973	0.030074	3.760434	1.9
15	4.802708	3.383676	0.029595	3.094662	1.9
16	3.756086	4.317411	0.028503	3.341824	1.9
17	4.450347	3.910643	0.028969	2.384320	1.9
18	5.182277	3.505114	0.029448	2.348895	1.9
19	3.796855	4.048255	0.028810	2.517397	2.0
20	2.981786	3.668922	0.029253	1.254178	1.9
21	5.272529	3.390168	0.029587	4.302658	1.8
22	3.004491	4.259581	0.028568	2.108686	2.2
23	9.133903	5.023202	0.027730	14.649576	5.2
24	2.910361	4.616361	0.028171	0.821555	3.1
25	5.311078	4.588199	0.028202	5.533596	1.9
26	6.503569	4.909586	0.027852	7.762996	1.9
27	5.266182	4.502746	0.028296	2.076888	1.8
28	2.799162	5.470283	0.027262	0.868527	1.9
29	5.307047	5.336532	0.027400	6.531273	1.9
30	3.779538	4.988976	0.027767	1.824697	1.8
31	2.523658	4.666848	0.028115	1.727845	1.9
32	2.803198	4.509540	0.028289	1.788762	1.8
33	4.092093	4.520110	0.028277	1.319244	1.8
34	3.099189	4.198996	0.028637	1.629599	1.9
35	4.924686	3.951081	0.028922	2.872156	1.8
36	3.337999	4.436596	0.028370	1.378962	1.8
37	4.038996	4.119972	0.028727	2.244828	1.9
38	3.463930	4.098961	0.028751	4.214704	1.8
39	3.526428	3.695036	0.029222	3.771356	1.8
40	2.447363	4.694971	0.028084	1.200709	2.0
41	3.221414	4.569553	0.028222	4.474893	1.8
42	2.086722	5.521392	0.027209	0.716021	1.8
43	4.472050	5.183149	0.027561	3.453766	2.1
44	4.659175	5.232543	0.027509	4.252661	1.9
45	3.330716	6.003432	0.026724	3.296758	1.8
46	3.357749	7.003402	0.025769	1.647715	1.9
47	5.139522	6.601498	0.026145	5.873674	1.8
48	3.204871	6.194734	0.026536	2.175542	1.9
49	2.752383	6.377131	0.026359	1.947699	2.0
50	3.176026	5.980487	0.026746	3.213736	1.8
51	4.085098	5.679784	0.027048	2.255506	1.8
52	3.215903	5.280251	0.027459	1.410650	2.0
53	3.088027	5.284329	0.027455	3.226106	1.9
54	3.270406	5.065441	0.027685	2.562770	1.8
55	3.917167	4.660251	0.028122	1.972937	2.0
56	4.482656	4.355490	0.028460	5.981888	1.9
57	3.264336	5.288990	0.027450	2.413410	1.9
58	7.373458	6.288967	0.026444	12.459831	2.0
59	5.189400	7.288966	0.025509	7.043003	1.9
60	3.117653	8.288966	0.024638	2.502594	1.8
61	2.408407	7.882183	0.024985	1.043540	1.9
62	2.711456	7.878566	0.024988	2.617663	1.9
63	4.408369	8.055640	0.024836	1.539564	1.8
64	3.278928	7.797682	0.025059	2.410844	1.9
65	3.151535	8.197255	0.024716	3.427526	1.8
66	2.562015	7.794221	0.025062	1.606503	1.8
67	3.403168	8.714136	0.024286	3.967196	2.1
68	2.591041	8.312212	0.024619	1.747011	1.8
69	5.027602	7.906066	0.024965	1.787612	2.0
70	4.015338	7.549425	0.025276	7.663127	1.9
71	3.275700	8.549387	0.024421	3.139961	1.8
72	3.059096	9.549387	0.023622	1.618408	1.8
73	2.345632	10.026844	0.023258	2.155812	1.9
74	6.340298	9.694086	0.023510	5.199574	1.9
75	3.547255	10.111531	0.023195	3.419031	1.9
76	4.301271	9.824709	0.023411	3.803283	1.8
77	4.203494	9.419243	0.023723	2.594468	1.8
78	3.338442	10.075720	0.023222	1.493583	1.9
79	2.692466	9.698102	0.023507	3.050931	1.8
80	3.571124	9.295678	0.023820	1.964535	1.8
81	3.226651	8.893442	0.024140	1.342003	1.9
82	2.161554	9.242549	0.023861	1.240813	1.8
83	2.733850	9.304627	0.023812	2.132897	1.8
84	3.451570	9.701871	0.023504	3.043078	1.8
85	2.780662	9.822089	0.023413	2.938081	1.8
86	2.983129	9.415762	0.023725	1.336048	1.8
87	2.254033	9.287726	0.023826	1.717916	2.0
88	5.297610	9.106148	0.023969	1.822676	1.8
89	2.812680	9.443199	0.023704	1.995469	1.9
90	3.041649	9.818120	0.023416	1.398590	1.9
91	3.355335	9.537295	0.023631	2.310910	1.8
92	2.316130	9.917670	0.023340	1.234284	1.8
93	2.536050	10.052056	0.023239	1.978240	2.0
94	2.541171	9.708349	0.023499	2.941548	1.8
95	5.783554	9.496352	0.023663	4.678778	1.8
96	2.403208	10.496341	0.022911	0.846453	1.9
97	2.426092	11.275866	0.022358	1.053864	1.8
98	1.817888	11.220809	0.022396	1.493201	1.8
99	3.380074	11.435439	0.022248	4.059549	1.9
100	3.182674	11.044017	0.022520	2.574869	1.8
101	3.155066	12.043348	0.021839	1.998095	1.8
102	3.507415	12.452018	0.021572	1.935627	1.9
103	2.769156	12.153556	0.021766	4.384266	1.8
104	3.022086	11.751124	0.022034	1.576600	1.8
105	3.770702	11.422825	0.022257	2.986557	2.2
106	4.755591	11.022654	0.022535	2.238354	1.8
107	3.431751	10.619124	0.022823	3.150934	1.8
108	2.921590	11.522459	0.022189	2.166965	2.0
109	6.251591	11.118695	0.022468	8.118665	2.0
110	3.179438	12.118695	0.021789	2.578580	1.9
111	2.896619	13.118695	0.021151	2.451345	1.9
112	5.344345	12.912433	0.021279	9.001357	1.8
113	2.781292	12.505593	0.021538	1.368741	1.8
114	4.111973	13.448555	0.020948	1.687715	2.2
115	3.441280	13.734167	0.020776	1.873764	2.7
116	2.777424	13.600431	0.020856	1.840754	2.8
117	4.485128	14.446424	0.020358	2.737105	3.0
118	3.218874	14.043252	0.020593	3.184664	3.1
119	3.610385	13.636476	0.020834	4.097589	2.9
120	2.867832	14.635945	0.020250	1.734245	3.4
121	3.399910	15.383585	0.019834	4.101864	1.9
122	2.685117	15.810748	0.019604	1.343288	3.1
123	2.984551	16.333550	0.019329	3.297348	2.9
124	2.601236	16.028220	0.019489	1.720407	2.5
125	3.378364	16.988076	0.018996	2.453437	2.1
126	2.923368	16.611879	0.019186	1.209525	2.0
127	2.902395	16.345429	0.019323	2.445857	2.3
128	4.420248	16.161773	0.019419	3.275627	2.5
129	2.379962	17.040444	0.018970	1.346064	3.5
130	3.740747	17.901024	0.018550	2.590228	2.5
131	3.589632	17.961666	0.018521	1.968242	2.7
132	2.908988	18.916414	0.018078	0.390488	1.9
133	1.993919	18.851467	0.018108	0.871354	1.9
134	4.731306	18.902120	0.018085	3.804798	1.8
135	3.520240	18.578715	0.018233	2.455245	1.8
136	2.173218	18.171907	0.018422	2.438828	2.9
137	1.827331	19.154304	0.017971	0.821761	1.9
138	3.068843	19.533531	0.017803	3.689898	2.1
139	4.041225	19.876428	0.017654	2.189038	2.6
140	2.552219	20.868139	0.017236	1.321410	1.9
141	2.388413	21.388342	0.017024	0.997758	1.8
142	3.232294	21.672966	0.016911	2.351552	1.8
143	3.608440	21.709758	0.016896	2.300893	2.2
144	2.189745	21.608608	0.016936	1.259659	2.2
145	4.159435	21.224758	0.017090	2.132908	1.8
146	3.280526	21.905719	0.016819	3.866085	1.9
147	4.298884	21.506005	0.016977	2.730949	1.8
148	2.538692	22.504910	0.016587	3.599685	1.8
149	2.851203	23.504364	0.016215	2.499775	1.9
150	2.981581	23.120114	0.016356	1.910786	1.8
151	2.499970	23.986221	0.016041	0.603448	1.9
152	3.910228	23.795606	0.016109	5.841006	2.1
153	2.640998	24.169216	0.015976	2.658163	1.8
154	4.523851	23.762395	0.016121	4.911801	1.8
155	3.397040	23.355573	0.016269	5.685124	2.0
156	2.800725	24.355573	0.015910	1.736550	1.8
157	3.605533	25.354065	0.015568	5.039108	1.8
158	1.981948	25.853892	0.015402	0.871579	2.0
159	4.840355	25.453916	0.015534	5.628459	1.8
160	4.315754	25.071602	0.015663	6.800585	1.8
161	2.512187	24.664765	0.015803	2.605898	2.0
162	3.644696	25.664765	0.015464	2.274435	1.8
163	4.273955	25.351173	0.015569	2.747930	1.8
164	4.083378	25.072320	0.015663	2.913852	1.8
165	3.774684	25.888237	0.015390	2.875857	1.9
166	2.972378	25.481598	0.015525	0.770186	1.9
167	3.154037	25.255428	0.015601	1.252036	2.3
168	3.415607	25.089820	0.015657	1.825798	1.8
169	3.612239	25.221226	0.015612	4.707014	2.0
170	2.937424	25.175622	0.015628	1.457107	1.8
171	3.279286	26.061980	0.015334	1.138821	1.8
172	2.731914	26.224070	0.015281	1.022325	1.8
173	2.566961	26.283841	0.015262	1.493572	1.9
174	2.971685	26.400509	0.015224	1.802992	1.8
175	2.862290	26.154320	0.015304	0.953154	2.0
176	3.267081	26.186291	0.015293	2.175794	1.8
177	4.903573	26.214093	0.015284	3.175442	1.8
178	2.548302	27.205793	0.014970	1.737279	1.8
179	3.242806	26.851818	0.015080	2.966205	1.8
180	2.461596	26.467764	0.015202	1.170132	1.8
181	3.442155	26.552319	0.015175	1.421332	1.8
182	3.942028	26.404123	0.015223	1.749409	2.0
183	3.030986	26.644862	0.015146	1.608157	1.8
184	2.735373	26.313041	0.015252	1.338792	1.9
185	3.119003	26.092220	0.015324	1.433862	1.9
186	2.752245	25.847820	0.015404	0.600387	1.8
187	2.950013	25.958439	0.015367	2.382495	1.9
188	3.154276	25.993660	0.015356	2.490048	2.1
189	2.382097	26.878813	0.015072	2.324419	1.9
190	3.031160	27.849875	0.014772	2.113535	2.0
191	2.639217	28.806788	0.014489	1.615333	1.8
192	2.252302	28.427652	0.014600	0.603376	1.8
193	3.904054	28.493928	0.014580	1.639383	1.9
194	2.279148	28.443113	0.014595	0.669988	1.8
195	2.306933	28.623221	0.014542	2.234527	1.8
196	2.682479	28.444834	0.014595	2.257605	1.9
197	4.709106	28.044476	0.014714	5.570644	1.8
198	3.499209	29.041438	0.014421	2.270336	1.8
199	2.263127	28.634598	0.014539	1.345592	1.9
200	2.865880	29.106816	0.014402	1.865445	1.8
201	3.709164	29.005686	0.014431	3.021526	1.8
202	1.978566	29.759790	0.014217	0.952068	1.9
203	2.667136	29.636432	0.014251	1.058101	1.8
204	2.432782	29.620040	0.014256	3.055422	1.8
205	2.999515	29.343121	0.014334	2.134337	1.9
206	2.247064	30.339775	0.014056	1.532641	2.0
207	3.328864	30.925746	0.013897	2.641554	1.8
208	2.846572	31.495215	0.013747	1.698217	2.0
209	3.011764	32.408009	0.013512	3.088864	1.8
210	3.136070	32.092900	0.013592	1.444079	1.8
211	3.547068	32.937248	0.013379	1.446360	1.9
212	3.111574	33.201353	0.013314	3.280287	1.8
213	3.651018	33.102479	0.013338	3.642027	1.7
214	3.057913	32.695724	0.013439	1.001444	1.9
215	2.634908	33.186027	0.013318	1.433239	1.8
216	2.663384	32.980071	0.013368	1.719961	1.8
217	3.043438	33.043705	0.013353	2.583042	1.9
218	3.861403	32.659804	0.013448	3.577865	1.8
219	2.383114	33.656230	0.013203	0.719669	1.8
220	3.184957	33.919641	0.013140	2.133379	2.0
221	3.475977	33.636726	0.013208	2.010649	1.8
222	2.272300	34.249308	0.013061	1.148480	1.7
223	2.544681	34.776665	0.012938	1.449419	1.9
224	2.276954	34.760928	0.012941	0.869914	1.8
225	3.668912	34.578202	0.012984	2.824978	1.8
226	3.458796	34.755679	0.012943	2.438504	1.9
227	2.064544	35.747616	0.012716	0.702657	1.8
228	2.871104	35.979434	0.012665	1.497832	1.8
229	3.435309	35.947530	0.012672	1.305991	1.9
230	3.798889	35.779793	0.012709	1.699514	1.8
231	3.754343	35.986308	0.012663	3.672453	1.8
232	2.000447	36.978018	0.012447	1.606708	1.9
233	2.656589	36.575760	0.012534	1.640037	1.8
234	2.667558	36.312501	0.012591	1.314866	1.8
235	2.716072	36.428965	0.012566	1.456577	1.9
236	2.201488	36.122617	0.012633	1.483557	1.8
237	2.440762	35.828525	0.012698	2.396893	1.9
238	2.461533	36.443138	0.012562	1.485608	1.9
239	3.080673	37.168852	0.012406	1.046366	1.7
240	2.102095	37.092501	0.012422	1.069511	1.8
241	3.436070	37.201428	0.012399	1.547903	1.9
242	2.571799	37.261541	0.012386	2.736981	1.8
243	3.424248	37.590639	0.012316	2.978396	1.8
244	2.555641	38.127119	0.012205	1.752083	1.9
245	2.407341	37.726011	0.012288	1.376138	1.8
246	3.615972	37.457802	0.012344	1.847350	1.8
247	6.066143	37.604435	0.012314	6.372909	1.9
248	2.831291	37.197804	0.012400	0.800214	1.8
249	2.908776	36.795813	0.012486	4.079961	1.8
250	2.935463	37.681307	0.012297	1.595079	1.8
251	2.044796	37.275291	0.012383	0.656656	1.9
252	2.559801	37.084180	0.012424	1.707349	1.8
253	2.631633	37.126212	0.012415	2.566132	1.9
254	4.986445	36.759303	0.012494	7.264555	1.9
255	2.746283	37.359120	0.012365	1.565523	1.8
256	2.447251	38.356536	0.012158	1.216003	1.9
257	2.153414	38.626819	0.012102	0.525626	2.0
258	2.655558	38.753009	0.012077	7.461561	1.8
259	3.940655	39.523793	0.011923	1.479245	1.9
260	3.008547	39.215877	0.011984	2.840869	1.8
261	2.736806	38.991542	0.012029	1.564854	1.8
262	3.055397	38.606279	0.012107	0.952642	2.0
263	2.112373	38.417818	0.012145	1.147959	1.8
264	3.515822	38.267720	0.012176	1.280307	1.9
265	2.511368	38.291935	0.012171	1.062234	1.9
266	2.251820	38.042491	0.012222	2.365342	1.8
267	3.191525	37.673941	0.012299	2.029973	2.4
268	2.246190	38.616492	0.012105	0.547933	2.2
269	2.766835	38.681187	0.012091	2.044941	2.3
270	3.107181	38.573914	0.012113	2.003835	2.5
271	3.266840	38.818488	0.012064	2.829803	2.5
272	2.784673	39.631333	0.011902	3.146058	3.1
273	2.378622	40.250482	0.011782	1.271784	2.1
274	2.141133	40.807922	0.011675	1.787558	1.8
275	2.338288	40.500317	0.011734	1.944919	2.0
276	2.813103	40.161697	0.011799	2.509675	2.1
277	2.972607	41.084408	0.011623	1.388075	1.9
278	2.852640	40.692473	0.011697	2.231101	1.9
279	2.542279	41.468872	0.011552	0.904134	2.3
280	3.083753	41.343729	0.011575	2.290265	2.4
281	3.079798	41.055005	0.011629	3.082828	1.8
282	2.460558	40.648383	0.011706	1.267832	1.8
283	5.756542	41.458725	0.011554	5.644369	1.9
284	2.368494	41.333664	0.011577	3.008840	1.8
285	2.771327	42.333664	0.011394	2.731688	1.8
286	3.622703	41.926967	0.011468	3.884767	2.1
287	3.772414	41.538780	0.011539	3.872664	1.8
288	3.423952	42.538748	0.011357	3.140212	2.2
289	3.560009	43.112360	0.011256	3.245572	1.9
290	5.215376	42.773734	0.011315	3.679529	1.8
291	2.319163	42.619738	0.011343	1.421516	1.7
292	2.405471	42.720909	0.011325	1.368196	2.1
293	2.790299	42.654615	0.011337	2.173840	1.8
294	3.568550	42.402535	0.011382	1.955955	1.8
295	2.348688	42.263859	0.011407	0.891990	1.9
296	2.737901	42.385544	0.011385	1.940572	2.0
297	3.043900	42.293480	0.011401	1.528327	1.9
298	2.632545	42.285747	0.011403	1.642112	1.9
299	2.425382	41.961132	0.011461	1.008420	1.8
300	3.092561	42.011941	0.011452	3.422296	1.8
301	2.386560	42.244785	0.011410	1.851187	1.9
302	2.893576	43.236795	0.011234	1.011715	1.8
303	2.764329	43.076266	0.011262	2.080155	2.0
304	2.500734	43.190781	0.011242	0.986196	1.9
305	2.214939	43.032748	0.011270	2.120099	1.7
306	2.506495	43.014476	0.011273	0.632549	1.8
307	2.863598	43.154745	0.011248	1.268022	6.1
308	3.541975	43.176310	0.011244	3.199421	2.6
309	2.316936	42.786845	0.011313	0.827003	2.3
310	2.508099	42.526031	0.011360	2.785367	2.5
311	2.679616	42.754576	0.011319	1.060291	2.3
312	3.395128	42.410741	0.011380	2.678765	1.9
313	2.388109	42.808466	0.011309	1.770027	1.8
314	3.326326	43.772181	0.011141	3.146358	1.9
315	2.825787	44.388837	0.011036	0.960139	1.9
316	2.627049	44.388554	0.011036	2.087661	1.8
317	3.742752	44.205086	0.011067	1.058289	1.8
318	3.055528	44.086003	0.011087	2.670217	1.9
319	3.054959	43.721548	0.011150	1.721410	2.0
320	2.151460	44.487072	0.011019	1.479672	1.8
321	2.458562	44.217542	0.011065	0.618459	1.9
322	2.990805	44.095281	0.011086	1.634163	1.8
323	2.064713	43.978403	0.011106	0.622554	1.8
324	2.784814	43.970532	0.011107	0.715998	1.9
325	2.243350	44.026199	0.011097	1.240145	1.8
326	3.008782	44.114081	0.011083	3.781732	1.8
327	2.079341	43.716483	0.011151	1.299185	2.0
328	2.573863	43.323594	0.011219	1.307348	1.8
329	2.827288	43.730186	0.011148	2.597508	1.8
330	3.272702	43.382903	0.011208	1.733396	1.9
331	3.239677	43.745090	0.011146	1.155104	1.8
332	2.371301	44.083557	0.011088	1.277816	1.7
333	2.437922	43.916531	0.011116	2.502959	1.8
334	2.778822	43.600627	0.011171	0.704189	1.7
335	2.780732	43.349010	0.011214	1.122550	1.8
336	3.951798	43.204714	0.011239	0.818872	1.8
337	3.065253	43.138181	0.011251	2.431074	1.8
338	3.517139	43.224371	0.011236	2.483625	2.0
339	2.921927	44.214138	0.011066	2.027519	1.9
340	2.776523	45.184705	0.010903	1.206690	1.7
341	2.386640	44.872799	0.010955	0.798561	1.8
342	3.232042	44.757075	0.010974	3.425258	1.8
343	2.495585	45.369461	0.010873	0.860393	2.0
344	1.984902	45.223986	0.010897	0.941765	1.8
345	2.663877	45.300327	0.010884	1.440879	1.8
346	3.260967	45.440440	0.010861	1.855132	2.1
347	2.584032	45.065126	0.010923	1.245309	1.8
348	2.415698	44.726725	0.010979	2.576567	1.9
349	2.855345	45.291433	0.010886	2.035739	1.8
350	3.975024	44.886375	0.010953	2.907451	1.8
351	2.912489	45.798560	0.010803	3.119593	2.8
352	3.617936	46.797783	0.010644	3.357381	2.2
353	2.353799	46.392683	0.010708	1.170726	2.4
354	2.653542	46.133619	0.010749	3.337531	2.3
355	3.149702	46.892334	0.010629	4.863107	2.5
356	3.481818	46.485495	0.010693	1.589468	2.4
357	3.664212	47.472585	0.010539	1.118767	2.5
358	3.786972	47.361395	0.010556	3.869416	2.4
359	2.582972	48.281930	0.010416	1.381434	1.8
360	2.203127	48.394245	0.010399	1.528697	1.9
361	2.217262	48.872195	0.010328	0.844436	1.9
362	2.380951	49.003135	0.010309	0.600009	1.8
363	2.374996	48.971663	0.010313	1.315593	1.8
364	2.994753	48.930003	0.010319	1.955640	2.4
365	2.500669	49.493117	0.010237	1.646372	1.9
366	2.801462	49.217552	0.010277	0.856997	1.8
367	3.336041	49.045406	0.010302	2.702072	1.9
368	2.302902	48.882709	0.010326	0.816593	2.0
369	2.721971	48.816335	0.010336	1.387344	1.9
370	2.304883	48.715762	0.010351	1.983061	1.8
371	3.026790	48.742542	0.010347	1.315337	1.8
372	4.012162	49.442283	0.010244	4.116699	1.9
373	3.293674	50.399856	0.010107	3.218451	1.8
374	2.145673	49.993018	0.010165	1.263599	1.8
375	3.994445	49.619847	0.010218	1.888275	1.8
376	2.762220	50.060805	0.010155	3.842956	1.8
377	2.852119	51.057570	0.010015	1.693972	1.8
378	3.488722	52.048927	0.009879	4.101151	1.8
379	2.050166	51.642635	0.009934	1.123393	1.8
380	2.435089	51.246110	0.009988	2.688108	1.8
381	2.079001	52.068286	0.009876	0.665137	1.7
382	3.083478	51.923995	0.009896	1.072071	1.9
383	2.593617	51.831712	0.009908	2.794897	1.8
384	2.704951	51.521984	0.009950	1.700649	1.8
385	2.456012	52.390839	0.009833	2.053398	1.8
386	2.404414	52.088920	0.009873	1.172505	1.7
387	4.193765	52.631526	0.009801	6.817685	1.8
388	2.093272	52.225441	0.009855	1.277376	1.8
389	2.420405	53.187479	0.009727	1.090385	1.8
390	2.954582	53.115305	0.009737	2.497199	1.8
391	2.643422	53.208977	0.009724	1.481308	1.8
392	2.251939	52.946283	0.009759	0.626791	1.8
393	2.329227	53.141698	0.009733	3.079928	1.8
394	2.747522	53.195664	0.009726	0.869029	1.9
395	3.742523	53.028482	0.009748	2.149648	1.8
396	2.467809	53.272821	0.009716	2.232981	1.8
397	2.317251	54.082248	0.009611	2.045795	1.9
398	2.512552	54.903972	0.009507	1.634629	1.8
399	3.052407	55.420324	0.009443	1.513388	1.8
400	3.189293	55.411913	0.009444	2.268093	1.9
401	2.314159	55.096580	0.009483	1.042530	1.7
402	2.808236	55.245375	0.009465	1.579989	1.8
403	2.404322	55.316061	0.009456	1.119969	1.9
404	2.757475	55.338153	0.009453	1.437351	1.8
405	2.874648	55.626492	0.009417	3.775400	1.8
406	3.391389	55.295124	0.009458	2.734162	1.9
407	2.148326	54.888296	0.009509	1.358366	1.8
408	2.977461	55.813462	0.009395	1.203287	1.8
409	2.847150	55.535579	0.009429	1.295130	1.9
410	4.068546	55.474173	0.009436	1.942500	1.7
411	1.537848	55.526570	0.009430	0.837592	1.9
412	2.195746	55.252740	0.009464	0.741721	2.0
413	2.825937	55.304098	0.009457	1.487878	1.8
414	4.342730	55.268506	0.009462	1.538292	1.9
415	3.974828	55.946980	0.009378	3.059495	1.8
416	3.265956	56.785934	0.009277	2.006702	1.7
417	2.883713	57.736990	0.009165	1.991552	1.7
418	1.684973	57.611625	0.009180	0.943401	2.0
419	2.421904	58.169060	0.009115	0.871264	1.8
420	3.733187	58.016952	0.009133	2.441865	1.7
421	2.646385	57.697313	0.009170	1.898444	1.9
422	1.988836	58.447509	0.009083	0.787611	1.8
423	2.396323	58.391073	0.009090	0.793373	1.7
424	3.591830	58.312657	0.009099	3.475898	1.9
425	3.893006	59.003921	0.009020	2.082376	1.8
426	4.865266	58.659693	0.009059	4.373928	1.8
427	3.277522	59.656411	0.008947	1.622319	1.9
428	2.239928	60.428902	0.008862	1.249126	1.8
429	5.645013	60.093259	0.008899	6.971083	1.8
430	2.795245	59.721918	0.008940	2.341208	2.1
431	2.541141	59.316931	0.008985	1.439875	1.8
432	3.515548	59.455261	0.008969	3.556212	1.8
433	4.946499	60.406711	0.008864	8.265506	1.9
434	4.903812	59.999871	0.008909	2.513156	1.8
435	3.663547	59.643332	0.008948	1.521650	1.8
436	2.669816	59.888666	0.008921	1.673355	1.9
437	2.903482	59.533126	0.008961	1.929836	1.8
438	2.321426	59.730892	0.008939	1.406814	1.7
439	3.457484	59.991134	0.008910	1.502892	1.9
440	3.626018	60.170662	0.008890	3.102701	1.8
441	4.126390	59.768005	0.008935	2.085365	1.8
442	2.248363	59.365986	0.008979	1.594190	1.9
443	2.725839	58.989821	0.009022	1.938860	1.7
444	3.845392	59.772338	0.008934	4.479867	1.7
445	2.142991	60.761872	0.008826	0.972386	1.9
446	2.576826	60.984505	0.008802	2.098210	1.8
447	3.660499	60.637309	0.008839	1.377380	1.8
448	2.786056	60.283268	0.008878	2.772709	1.9
449	3.012931	59.993482	0.008910	1.533454	1.8
450	2.585939	59.599309	0.008953	1.354018	1.8
451	2.230957	59.763617	0.008935	0.991238	1.9
452	2.438588	59.855912	0.008925	1.512133	1.8
453	2.506059	59.701754	0.008942	1.039593	1.8
454	3.008771	59.465000	0.008968	1.470706	1.9
455	2.972579	59.837447	0.008927	1.605791	1.7
456	3.489493	59.578975	0.008956	4.838742	1.8
457	3.692418	59.185108	0.009000	1.466848	1.8
458	2.003021	59.761054	0.008935	1.744870	1.8
459	3.034209	59.786126	0.008933	2.387610	2.5
460	3.442209	60.690736	0.008834	2.823773	2.7
461	4.226282	61.497084	0.008747	2.650432	1.8
462	2.223023	61.981624	0.008696	0.926982	3.1
463	2.994354	61.634428	0.008733	1.263027	2.7
464	3.155520	61.443618	0.008753	4.187564	2.2
465	2.335550	61.746617	0.008721	2.439188	1.8
466	2.329470	61.398272	0.008758	1.175470	1.8
467	2.174861	61.815147	0.008714	1.172854	2.0
468	3.605478	61.665658	0.008729	2.603316	1.7
469	2.535515	61.536193	0.008743	2.517985	1.7
470	2.815683	62.531546	0.008639	1.352137	1.9
471	3.245472	62.527029	0.008639	1.564900	2.4
472	3.527369	62.270384	0.008666	2.027280	2.4
473	2.524578	61.957109	0.008699	2.207218	2.0
474	2.908560	61.792131	0.008716	2.464301	1.8
475	3.286309	62.773246	0.008614	1.901882	1.8
476	1.883604	62.378970	0.008655	2.219004	1.9
477	3.407787	63.326486	0.008558	2.817228	1.8
478	3.977339	62.920099	0.008599	4.710225	1.8
479	3.183597	62.513373	0.008641	2.629985	1.8
480	2.398112	62.109025	0.008683	2.801876	1.8
481	3.042635	63.105059	0.008580	4.768317	1.8
482	2.232873	62.698219	0.008622	1.690690	1.9
483	2.913339	62.293044	0.008664	2.696895	1.8
484	2.619883	63.148956	0.008576	0.836746	1.8
485	2.466608	62.903659	0.008601	0.895958	1.8
486	3.156563	62.868391	0.008604	4.322982	1.8
487	2.779959	62.694735	0.008622	1.538908	1.8
488	2.803108	63.689193	0.008521	1.881870	1.8
489	2.436384	64.475812	0.008442	2.525809	1.8
490	1.932357	65.063374	0.008385	1.412701	1.8
491	2.214031	64.729828	0.008417	0.781346	1.9
492	3.050762	64.796263	0.008411	2.012397	1.7
493	3.927507	64.972942	0.008394	3.938525	1.8
494	3.076387	64.567055	0.008433	2.660583	2.0
495	3.034083	65.558722	0.008337	1.947388	1.8
496	1.874552	66.458095	0.008251	0.543198	1.9
497	3.302547	66.587996	0.008239	1.923498	1.8
498	3.472696	66.514586	0.008246	2.641488	1.8
499	2.347024	66.152808	0.008280	1.297213	1.7
500	4.447576	66.795250	0.008219	5.393620	1.9
501	1.772423	67.285231	0.008174	1.068375	1.8
502	3.071573	67.555456	0.008149	3.102569	1.7
503	2.216997	67.313106	0.008171	1.095670	1.9
504	3.064778	68.080849	0.008101	1.919247	1.8
505	1.941303	68.085940	0.008100	0.971228	1.8
506	2.123940	67.944721	0.008113	0.892525	2.1
507	3.389360	67.989020	0.008109	2.623656	1.8
508	4.009443	68.581591	0.008056	5.106261	1.8
509	2.633415	69.428588	0.007980	1.928358	1.9
510	2.599864	69.519057	0.007972	1.598648	1.7
511	3.540989	70.203153	0.007912	4.781082	1.8
512	2.178657	71.040956	0.007840	0.673444	1.9
513	2.403030	70.990846	0.007845	1.815369	1.7
514	2.359973	70.769671	0.007863	0.717075	2.0
515	2.306570	70.821023	0.007859	0.933700	2.5
516	2.528233	70.931379	0.007850	1.726303	1.8
517	2.136479	71.082620	0.007837	0.916282	1.8
518	3.935742	70.804706	0.007860	2.098016	1.8
519	3.272165	70.709729	0.007869	1.636094	1.8
520	3.368473	70.328725	0.007901	2.275617	1.7
521	3.837737	69.936739	0.007935	4.841509	1.8
522	2.718221	70.936636	0.007849	1.413721	1.7
523	3.054445	71.864293	0.007771	1.586862	2.3
524	4.405572	72.548197	0.007714	5.018844	4.7
525	2.587604	72.141603	0.007748	2.492094	3.3
526	4.544388	71.734765	0.007782	6.936389	2.6
527	4.544576	72.734744	0.007699	3.646453	2.1
528	2.728747	73.734415	0.007617	1.468172	1.8
529	2.046940	73.858943	0.007607	1.019811	1.8
530	3.162449	74.046079	0.007592	2.506196	1.8
531	2.665668	74.666881	0.007543	2.561247	1.8
532	2.757585	74.261013	0.007575	4.777563	1.8
533	2.739096	75.260955	0.007497	2.897531	1.9
534	2.818431	76.260892	0.007420	3.207550	1.8
535	3.031974	75.854068	0.007451	2.548391	1.8
536	2.590917	75.447566	0.007482	4.002068	1.9
537	2.565369	76.447442	0.007405	1.177324	1.7
538	3.312880	76.147331	0.007428	4.134279	1.8
539	1.671190	76.558454	0.007397	0.976020	1.9
540	2.390702	76.159783	0.007427	2.369102	1.8
541	4.304895	75.801107	0.007455	3.199385	1.8
542	2.516911	75.396511	0.007486	1.181846	1.9
543	2.572091	75.822155	0.007453	1.915963	1.8
544	4.953882	75.500956	0.007478	3.140601	1.8
545	2.190988	75.094933	0.007510	0.763952	1.9
546	2.344665	74.769829	0.007535	1.271444	1.7
547	2.498808	74.731798	0.007538	3.401579	1.8
548	3.728974	74.335892	0.007569	1.926346	1.8
549	2.749242	73.929427	0.007602	2.929049	1.9
550	2.749155	73.547495	0.007632	3.386877	1.8
551	3.022213	74.068089	0.007591	0.991766	1.9
552	2.914060	73.964226	0.007599	3.064014	1.8
553	2.359028	74.467118	0.007559	1.321566	1.8
554	3.260157	74.210335	0.007579	1.998141	1.9
555	2.493881	74.156199	0.007584	1.347356	1.8
556	4.322559	73.916130	0.007603	7.063150	1.7
557	3.721897	73.509345	0.007636	2.465284	2.8
558	1.775766	74.508746	0.007556	1.400462	3.3
559	2.175541	74.556470	0.007552	0.937812	4.7
560	2.436732	74.519571	0.007555	2.241629	3.2
561	2.694194	74.367099	0.007567	2.755682	2.6
562	2.180756	74.122900	0.007586	1.457815	2.0
563	2.297851	73.824026	0.007610	1.329306	1.8
564	2.441963	74.438290	0.007561	1.844303	1.7
565	1.883042	74.383110	0.007566	0.956446	1.8
566	2.128521	74.496990	0.007557	1.897521	1.8
567	3.534064	75.053952	0.007513	3.532997	1.8
568	2.826446	76.051202	0.007436	3.021317	1.8
569	2.809522	75.674299	0.007465	1.968253	1.8
570	3.557682	75.310519	0.007493	2.634435	2.3
571	3.166813	76.196178	0.007424	1.502105	1.9
572	2.610146	77.108230	0.007355	2.080781	2.0
573	2.364082	76.740779	0.007383	0.847161	1.8
574	3.164666	76.435810	0.007406	2.392830	1.9
575	2.595548	76.995444	0.007364	1.282769	1.8
576	2.629615	77.674849	0.007313	0.921959	1.8
577	3.085658	77.550887	0.007322	1.324769	2.0
578	2.665325	77.733677	0.007309	1.220662	1.8
579	4.121588	77.513121	0.007325	2.779295	1.8
580	2.077246	77.233039	0.007346	1.940509	1.9
581	3.326723	77.116673	0.007355	2.184225	1.8
582	2.448646	76.716869	0.007385	1.278605	1.7
583	2.943401	77.300648	0.007341	1.023197	1.9
584	2.194152	77.279164	0.007343	2.237148	1.8
585	1.956025	77.257778	0.007344	1.016374	1.7
586	2.615088	77.999260	0.007289	1.748238	1.9
587	1.971479	78.136763	0.007279	0.794213	1.8
588	3.120570	78.111723	0.007281	2.175373	1.8
589	4.342439	78.261722	0.007270	2.259321	1.9
590	1.912162	78.193488	0.007275	1.624229	1.8
591	3.163349	79.031226	0.007214	3.378933	1.7
592	2.566748	78.628468	0.007243	4.942792	1.9
593	3.150204	79.628467	0.007171	2.566719	1.8
594	2.051082	80.628426	0.007101	1.336900	2.3
595	2.698127	80.347818	0.007120	2.538464	2.1
596	3.125573	80.770604	0.007091	3.541392	1.8
597	3.795329	80.364400	0.007119	5.650758	1.9
598	3.981985	79.958109	0.007148	4.562543	2.1
599	3.461676	80.936281	0.007079	1.109030	1.8
600	2.075332	81.732338	0.007024	0.520432	1.8
601	4.982765	81.795698	0.007020	1.777035	1.8
602	4.047262	81.974197	0.007008	1.068529	1.8
603	4.565180	82.163560	0.006995	5.552445	2.0
604	3.334401	83.084379	0.006933	2.678371	1.8
605	3.453272	84.084365	0.006867	2.168131	1.8
606	2.391124	84.533086	0.006838	1.171098	1.8
607	2.803002	84.225899	0.006858	4.513507	1.8
608	2.249697	83.872580	0.006881	1.197934	1.8
609	2.955408	84.802304	0.006821	2.285324	1.8
610	2.865355	84.595853	0.006834	1.478484	1.8
611	2.505372	84.932808	0.006812	3.191077	1.7
612	3.268795	85.903715	0.006750	1.160172	1.8
613	2.278594	85.571773	0.006771	0.533732	1.8
614	2.753327	85.480635	0.006777	1.170748	1.8
615	1.925190	85.402871	0.006782	0.736591	1.8
616	3.577725	85.390271	0.006783	2.527316	1.8
617	2.560219	85.436677	0.006780	1.442578	1.7
618	2.980903	85.053622	0.006804	1.046959	1.7
619	2.403395	85.526227	0.006774	2.371390	1.9
620	2.855398	85.187952	0.006796	1.811907	1.8
621	2.859000	86.155523	0.006734	1.921873	1.8
622	3.036772	85.765247	0.006759	3.036744	2.0
623	2.816737	85.359069	0.006785	0.901701	1.8
624	3.506126	85.743419	0.006760	1.264777	1.8
625	2.812138	85.656250	0.006766	1.842460	1.9
626	3.014300	85.455700	0.006779	1.338965	1.8
627	2.461177	85.199328	0.006795	0.715105	1.8
628	3.202896	85.055419	0.006804	1.125536	2.4
629	2.961779	85.127709	0.006800	5.915314	1.8
630	2.732034	84.722494	0.006826	3.470277	1.9
631	3.353020	85.722493	0.006762	5.022110	2.5
632	2.979385	85.322495	0.006787	1.657268	1.8
633	2.143323	85.117241	0.006800	1.172624	2.0
634	2.712560	85.556763	0.006772	2.985028	1.8
635	3.180390	85.774776	0.006758	2.375525	1.7
636	2.520325	85.368187	0.006784	0.970924	2.0
637	2.485366	85.720403	0.006762	1.551588	1.8
638	2.850622	85.634100	0.006767	1.679043	1.8
639	3.441509	85.336363	0.006786	6.012106	1.9
640	2.009141	84.937222	0.006812	2.255221	1.8
641	3.123171	85.937125	0.006748	3.837114	1.8
642	2.592730	85.530634	0.006774	1.331190	1.9
643	2.623127	85.134424	0.006799	2.615690	1.8
644	2.896755	84.762434	0.006823	4.092181	1.8
645	4.511012	85.762388	0.006759	4.934577	1.9
646	1.877425	86.706378	0.006700	1.212454	1.8
647	2.278333	86.300101	0.006725	1.042599	1.8
648	2.022314	86.549986	0.006710	1.350961	1.7
649	2.060283	86.591534	0.006707	2.332360	1.9
650	3.204429	86.850457	0.006691	0.881464	1.8
651	2.821938	86.642582	0.006704	2.504360	1.8
652	2.897244	86.452523	0.006716	2.449533	1.9
653	2.405973	86.049416	0.006741	2.627374	1.8
654	3.062543	85.645646	0.006767	1.746100	1.7
655	1.868469	85.273286	0.006790	1.263987	1.8
656	3.565891	85.423259	0.006781	4.126612	1.8
657	2.273401	85.024308	0.006806	1.881589	1.8
658	3.110272	85.967661	0.006746	1.105775	1.8
659	3.712116	86.443352	0.006716	2.396421	1.7
660	3.263037	86.439188	0.006717	2.640093	1.7
661	2.661127	86.045283	0.006741	1.347777	1.8
662	2.115745	85.758821	0.006759	0.845630	1.7
663	2.616884	86.024663	0.006743	1.334237	2.0
664	2.138323	86.254163	0.006728	0.991304	1.9
665	3.645794	86.304847	0.006725	1.983408	1.8
666	2.918449	86.236513	0.006729	1.653687	1.7
667	4.251360	86.097414	0.006738	6.914363	1.9
668	3.329178	85.690655	0.006764	1.356264	1.8
669	2.713393	85.283927	0.006790	1.440656	1.7
670	2.144382	85.225302	0.006793	0.346845	1.9
671	2.398033	85.174488	0.006797	1.112150	1.8
672	2.390516	85.224471	0.006793	1.748936	1.7
673	2.451039	85.628805	0.006768	1.274354	1.9
674	3.271800	86.369820	0.006721	1.425459	1.8
675	2.138906	86.777437	0.006696	1.125225	1.8
676	4.007153	86.749981	0.006697	6.393294	1.9
677	2.132506	86.371775	0.006721	0.738880	1.8
678	2.631424	85.971928	0.006746	2.598838	1.8
679	2.714670	86.297570	0.006725	0.952542	1.9
680	1.890630	86.374061	0.006721	0.662105	1.8
681	2.740106	86.377162	0.006720	1.362331	1.8
682	2.676933	86.338713	0.006723	1.116194	1.9
683	3.149994	86.602458	0.006706	2.337484	1.8
684	2.178394	87.080443	0.006677	1.720973	1.7
685	3.110797	87.067861	0.006678	2.111253	2.3
686	2.797701	87.607837	0.006644	1.378123	2.4
687	2.751575	87.890044	0.006627	1.636176	2.5
688	2.895283	87.795455	0.006633	1.488766	2.6
689	2.198236	87.919388	0.006625	1.363690	2.4
690	3.238471	87.617633	0.006644	2.694439	2.5
691	2.552046	87.288358	0.006664	2.407441	3.4
692	3.370825	88.145246	0.006612	1.158697	2.8
693	3.979158	87.970370	0.006622	1.768190	2.7
694	2.823246	87.810156	0.006632	2.381017	3.1
695	2.461698	88.535262	0.006588	1.884724	3.4
696	2.456098	88.181860	0.006609	2.191400	2.7
697	3.693659	87.891025	0.006627	1.056247	2.5
698	2.354784	87.708860	0.006638	1.035654	2.5
699	2.379923	87.636303	0.006643	1.413005	2.9
700	2.822151	88.085305	0.006615	1.736578	2.1
701	1.774674	88.185460	0.006609	1.008734	2.2
702	2.894350	88.088260	0.006615	1.859054	3.3
703	2.536128	87.887488	0.006627	0.843625	3.1
704	2.263893	87.745730	0.006636	2.567399	2.6
705	2.145829	87.791784	0.006633	0.560010	2.1
706	4.798319	87.525878	0.006649	6.445285	1.9
707	3.118879	88.365148	0.006598	1.379316	1.9
708	2.001179	89.361553	0.006539	1.071729	2.4
709	2.364415	89.153517	0.006551	2.743032	2.5
710	2.272894	88.785443	0.006573	1.436169	1.8
711	2.301119	88.422972	0.006595	2.701452	1.9
712	2.735664	89.242527	0.006546	2.478741	1.8
713	3.008431	88.836828	0.006570	1.513879	1.8
714	2.597244	89.706217	0.006518	1.791598	2.0
715	3.430009	89.337181	0.006540	1.005514	1.8
716	2.533031	89.194244	0.006549	1.661066	1.8
717	3.249707	89.272328	0.006544	2.624573	2.3
718	2.258394	89.371321	0.006538	0.992955	1.8
719	2.366051	89.244875	0.006546	0.793659	1.7
720	3.835726	89.362071	0.006539	3.407211	1.8
721	3.344314	90.051259	0.006498	2.421505	1.8
722	2.356703	89.644486	0.006522	2.214159	1.8
723	2.815329	90.599845	0.006466	1.678680	1.9
724	2.987651	90.458234	0.006474	1.371407	1.8
725	2.727668	90.584422	0.006467	4.172249	1.8
726	2.491418	91.290047	0.006426	1.198691	1.8
727	3.125526	91.010412	0.006443	1.990231	1.9
728	2.696711	90.959448	0.006445	1.834204	1.8
729	2.935034	91.880190	0.006393	1.076020	1.9
730	2.692161	92.424359	0.006362	1.238586	1.8
731	2.667923	92.384373	0.006364	2.177544	1.8
732	2.233818	92.160164	0.006377	0.622525	2.0
733	3.129763	92.165837	0.006377	3.859056	1.8
734	2.374973	92.217690	0.006374	2.079139	1.8
735	2.472582	93.214981	0.006318	1.207048	1.9
736	3.161958	92.848681	0.006338	0.904744	1.8
737	2.246925	92.708411	0.006346	1.296123	1.7
738	1.920526	92.546203	0.006355	1.693205	1.9
739	2.186490	92.496611	0.006358	1.029026	1.7
740	2.212808	92.281907	0.006370	1.137034	1.7
741	3.134942	92.572358	0.006354	1.699418	1.9
742	2.769007	92.456933	0.006360	1.134419	1.8
743	2.336184	92.598812	0.006352	2.627025	1.8
744	4.022250	92.589672	0.006353	4.687481	1.9
745	2.877048	93.582673	0.006298	0.843753	1.8
746	1.998909	94.129020	0.006268	1.040571	1.7
747	2.854110	94.124156	0.006268	2.444016	1.9
748	2.635548	94.577973	0.006244	4.770969	1.8
749	3.828351	95.577967	0.006190	3.687024	1.7
750	1.925817	95.171127	0.006212	1.197338	2.2
751	2.780577	96.032627	0.006166	3.516225	1.8
752	2.181872	96.969158	0.006117	2.618588	1.7
753	2.089985	97.965752	0.006066	1.413607	1.9
754	1.914965	98.430449	0.006042	1.586378	1.7
755	3.597023	98.898639	0.006019	3.061825	1.7
756	3.106042	99.875596	0.005970	1.344212	1.9
757	3.831542	100.718408	0.005929	3.255570	1.8
758	2.677474	100.354827	0.005946	2.435881	1.8
759	2.438875	99.949448	0.005966	1.350866	1.9
760	2.223150	99.614347	0.005983	1.268950	1.8
761	2.606424	99.537391	0.005987	4.254957	1.7
762	3.734604	100.003552	0.005964	4.174074	1.9
763	1.916276	99.596936	0.005984	1.965963	1.8
764	3.417164	100.567878	0.005936	3.670872	1.7
765	2.620882	100.161424	0.005956	1.040347	1.9
766	2.688911	99.797411	0.005974	1.976580	1.7
767	3.391329	100.427832	0.005943	2.190781	1.8
768	3.934695	100.082939	0.005960	4.070846	1.9
769	2.358707	99.678990	0.005980	2.054823	1.8
770	2.430263	100.676601	0.005931	1.382130	1.8
771	2.486512	100.311399	0.005949	3.197145	1.8
772	2.558258	101.255287	0.005903	1.927862	1.8
773	2.373781	100.921548	0.005919	1.329237	1.7
774	2.962359	100.629169	0.005933	2.171582	1.9
775	3.054783	100.917316	0.005919	1.479836	1.8
776	2.697581	100.940876	0.005918	1.123861	1.7
777	3.798648	100.843152	0.005923	4.030041	1.8
778	2.328304	101.776776	0.005878	1.074060	1.8
779	2.427698	102.543646	0.005841	2.076673	1.8
780	2.649892	102.325261	0.005851	1.056135	1.8
781	1.943104	102.052257	0.005864	0.744276	1.8
782	2.640054	102.158297	0.005859	1.900157	1.8
783	1.975922	101.907568	0.005871	1.440935	1.8
784	2.613239	102.737350	0.005832	2.164759	1.8
785	3.664556	103.457345	0.005798	5.064175	1.7
786	2.696833	104.326193	0.005758	2.375508	1.8
787	2.521552	105.326180	0.005712	1.510863	1.9
788	2.452122	104.956201	0.005729	1.444759	1.7
789	2.833320	105.202928	0.005718	3.662173	1.7
790	2.188219	105.842299	0.005689	1.822986	2.0
791	3.444219	105.451943	0.005707	2.332154	1.8
792	2.505263	106.409304	0.005664	2.281784	1.8
793	3.034242	107.348305	0.005622	0.915273	2.1
794	2.769670	107.045486	0.005636	1.398944	1.8
795	4.943360	107.409898	0.005620	5.385631	1.8
796	2.788907	108.398560	0.005577	2.350895	2.0
797	3.357262	109.370088	0.005535	1.629120	1.8
798	3.054242	109.050712	0.005549	1.100630	1.8
799	2.290605	109.009090	0.005551	0.889854	1.8
800	2.366125	108.852734	0.005557	1.326461	2.7
801	2.571736	108.671968	0.005565	1.548871	1.9
802	2.641018	109.245362	0.005541	1.098406	1.8
803	2.806978	109.022074	0.005550	1.084615	1.8
804	2.241923	108.901649	0.005555	1.102022	1.9
805	3.268946	108.706932	0.005564	1.887417	1.8
806	2.451126	108.398830	0.005577	1.302965	1.7
807	2.952669	108.115028	0.005589	2.883254	1.7
808	2.918797	108.058967	0.005591	2.300998	1.8
809	4.173328	108.930018	0.005554	4.983536	1.8
810	3.416732	108.523212	0.005571	2.466862	1.8
811	2.596870	108.116393	0.005589	1.878976	1.8
812	2.784885	107.794315	0.005603	2.720466	1.8
813	3.849024	108.740989	0.005562	3.345581	1.7
814	2.154296	109.740799	0.005520	2.702877	1.8
815	3.461968	110.738845	0.005478	3.322199	1.8
816	3.961888	111.718425	0.005437	4.438365	1.8
817	3.369030	112.694240	0.005398	1.845664	1.9
818	2.510855	113.539915	0.005364	2.187450	1.8
819	2.238735	113.914346	0.005349	2.069277	1.8
820	2.507485	114.747608	0.005316	1.112161	1.9
821	2.655127	115.363389	0.005292	1.578750	1.8
822	3.417808	115.173350	0.005299	2.653669	1.8
823	2.827329	115.365763	0.005292	1.152082	1.9
824	3.707950	115.063799	0.005304	2.066939	1.8
825	3.935618	114.825087	0.005313	3.988236	1.8
826	3.369382	114.733464	0.005317	3.670335	2.0
827	2.276697	114.327968	0.005332	0.857449	1.8
828	2.696721	114.240810	0.005336	1.493390	2.0
829	3.143504	114.011533	0.005345	1.905286	1.9
830	5.078484	113.915974	0.005349	9.042287	1.8
831	2.571750	114.904515	0.005310	0.693504	1.8
832	2.698577	115.753926	0.005277	0.640268	2.1
833	2.768929	115.721499	0.005278	0.923036	1.8
834	2.016551	115.742172	0.005277	0.628496	1.8
835	3.156880	115.885701	0.005272	2.507478	1.9
836	2.346385	116.038885	0.005266	2.596361	1.8
837	2.486532	115.918942	0.005270	2.254953	1.8
838	3.607639	116.910994	0.005233	5.999140	1.9
839	2.840098	116.504156	0.005248	1.539904	1.8
840	2.897520	117.441571	0.005213	2.198779	2.5
841	2.248574	118.310590	0.005180	1.301465	2.5
842	2.437742	119.039933	0.005153	2.549899	2.3
843	2.363160	119.029894	0.005153	1.998085	2.7
844	2.711543	118.645349	0.005168	1.630934	2.7
845	2.494325	118.260716	0.005182	1.506219	2.5
846	3.546194	117.900889	0.005195	2.344557	2.7
847	2.176823	118.441172	0.005175	1.238478	2.1
848	2.231356	118.386290	0.005177	1.303932	2.3
849	3.360400	118.221470	0.005183	3.297691	1.9
850	2.385913	118.002656	0.005191	1.613327	2.0
851	2.725034	117.912246	0.005195	2.259326	1.8
852	3.072306	118.677085	0.005166	1.454754	1.7
853	3.782637	119.141295	0.005149	1.560622	2.2
854	2.960735	119.448390	0.005138	4.158349	1.8
855	2.434915	119.052725	0.005153	1.969527	1.8
856	3.072909	120.050204	0.005116	1.591389	1.8
857	4.223459	120.349525	0.005105	3.768535	1.8
858	2.347758	121.268829	0.005072	2.038522	1.7
859	3.040448	120.887010	0.005086	1.575068	1.9
860	2.837405	121.162937	0.005076	1.469023	2.2
861	3.759185	120.886978	0.005086	3.516155	2.4
862	2.454068	121.562829	0.005062	2.883248	2.0
863	2.396714	122.561978	0.005027	1.203168	1.8
864	2.813640	122.175386	0.005040	0.759694	2.1
865	3.068028	122.078678	0.005044	1.115495	1.8
866	1.749548	122.160638	0.005041	0.818879	1.7
867	5.024988	122.056044	0.005044	4.143256	1.9
868	4.016634	121.733977	0.005056	5.086464	1.8
869	3.054710	121.327137	0.005070	4.194496	1.8
870	2.815286	122.327137	0.005035	4.802293	1.8
871	4.057662	123.327137	0.005000	5.004410	1.8
872	2.351686	122.920300	0.005014	1.041651	1.9
873	3.298944	122.624183	0.005024	0.923080	1.9
874	2.472978	122.548003	0.005027	0.910879	1.8
875	2.392740	122.366822	0.005033	1.212532	1.7
876	2.495349	122.478302	0.005030	0.568217	2.1
877	1.916157	122.363783	0.005034	0.809634	1.8
878	4.101437	122.405972	0.005032	3.966038	1.8
879	2.460719	123.287866	0.005001	1.361365	1.8
880	2.547998	123.161910	0.005006	1.481375	1.8
881	1.976649	122.840364	0.005017	1.198561	1.8
882	2.798692	122.626945	0.005024	2.006730	1.8
883	2.001235	122.395075	0.005032	0.750225	1.7
884	2.954911	122.446335	0.005031	1.821211	1.8
885	2.167994	122.601982	0.005025	0.704015	1.8
886	2.690854	122.817591	0.005018	1.504561	1.8
887	3.007193	122.722643	0.005021	2.498722	1.8
888	2.143501	123.651613	0.004989	0.681596	1.7
889	2.204907	123.476845	0.004995	2.208133	1.9
890	2.752464	123.478253	0.004995	1.469993	1.8
891	2.804175	123.853209	0.004982	0.905386	1.8
892	2.818313	124.071060	0.004974	2.773845	1.8
893	2.360341	124.122160	0.004973	0.919810	1.8
894	2.521171	124.689829	0.004953	0.489804	1.7
895	3.025582	124.596111	0.004956	1.187147	1.9
896	2.769950	124.551079	0.004958	1.519608	1.8
897	2.699082	124.403742	0.004963	2.639179	1.9
898	2.970528	124.011753	0.004976	1.558720	1.8
899	2.901361	124.512385	0.004959	1.409243	1.7
900	2.145161	124.263092	0.004968	1.637871	1.8
901	2.447566	123.923721	0.004979	1.896998	1.9
902	2.732289	123.546681	0.004992	1.518762	1.7
903	2.875311	123.287953	0.005001	1.173402	1.8
904	2.402794	123.763445	0.004985	1.349550	1.9
905	2.431327	123.523496	0.004993	0.977560	1.7
906	2.216881	123.391858	0.004998	0.540656	1.7
907	2.882309	123.457156	0.004995	2.215728	1.9
908	2.728631	123.819752	0.004983	1.339338	1.8
909	2.643772	123.700235	0.004987	1.608405	1.7
910	3.086549	123.621547	0.004990	0.622466	1.9
911	1.953432	123.802986	0.004984	2.132929	1.8
912	2.072516	123.559347	0.004992	1.698023	1.7
913	3.187682	123.311885	0.005000	1.868191	2.0
914	3.185685	122.978697	0.005012	1.271434	1.8
915	2.569642	122.724944	0.005021	2.842024	1.8
916	2.210892	122.533182	0.005028	1.714039	1.9
917	2.731503	123.451908	0.004996	2.188238	1.8
918	1.983152	123.055773	0.005009	0.996184	1.7
919	2.579535	123.720587	0.004986	1.611418	1.9
920	2.033308	124.230510	0.004969	0.938521	1.7
921	3.493063	124.028146	0.004976	4.393493	1.8
922	2.260965	123.728145	0.004986	0.863079	2.1
923	2.098795	123.451517	0.004996	1.423953	1.8
924	1.937874	123.732202	0.004986	0.636026	1.7
925	1.948220	123.689087	0.004987	1.559735	1.9
926	1.941581	123.668721	0.004988	1.051492	1.7
927	2.571257	123.539710	0.004993	2.655094	1.8
928	2.254871	124.033518	0.004976	1.371990	1.9
929	2.349424	124.819904	0.004949	2.457564	1.8
930	4.813197	124.498980	0.004960	4.425963	1.8
931	2.482949	124.092288	0.004974	1.433594	1.8
932	2.958004	125.069990	0.004940	1.899486	1.8
933	2.805474	124.873778	0.004947	1.822792	1.7
934	1.843693	124.486561	0.004960	1.534812	2.3
935	3.850036	124.177177	0.004971	3.220213	1.8
936	1.900984	125.103340	0.004939	0.679268	1.8
937	2.971067	124.803064	0.004949	3.803525	1.9
938	2.583919	125.221135	0.004935	2.319627	1.8
939	2.123261	125.388935	0.004930	1.673895	1.8
940	2.409932	125.636109	0.004921	1.898406	2.0
941	2.976068	125.303117	0.004932	2.686387	1.8
942	2.158132	126.114435	0.004905	0.920768	1.7
943	2.976990	126.215225	0.004902	2.139237	1.8
944	2.763492	126.619424	0.004888	1.252785	1.9
945	2.606002	126.658434	0.004887	1.440778	1.7
946	2.700608	126.657976	0.004887	1.494977	2.2
947	3.700055	126.417172	0.004895	1.391839	2.6
948	2.361470	126.864374	0.004880	2.152092	2.8
949	3.562421	127.710811	0.004853	1.327940	2.7
950	3.187596	127.335131	0.004865	1.828968	2.7
951	2.821266	127.861898	0.004848	2.540859	2.4
952	2.499237	127.462148	0.004861	1.539552	2.6
953	3.744152	127.345235	0.004865	1.361600	2.4
954	3.726661	127.025793	0.004875	2.161862	1.8
955	2.492056	127.842160	0.004848	1.711443	2.8
956	3.947227	128.755579	0.004819	1.500329	2.2
957	2.233683	128.509861	0.004827	1.280159	1.9
958	2.862274	129.017209	0.004810	1.624537	1.8
959	2.956908	129.624658	0.004791	1.040689	1.8
960	2.465900	129.511376	0.004795	0.828120	1.9
961	3.091170	129.398356	0.004798	2.710259	1.8
962	2.433745	129.884054	0.004783	2.047629	1.8
963	2.176495	130.858291	0.004752	0.761329	1.9
964	1.798950	130.739190	0.004756	1.473188	2.2
965	2.289137	130.704452	0.004757	1.661386	1.8
966	1.974794	130.698555	0.004757	1.587951	2.0
967	2.324744	130.423382	0.004766	1.001096	1.8
968	4.338737	130.551547	0.004762	3.925179	1.7
969	1.716853	130.235703	0.004772	0.936941	1.9
970	4.345704	131.131260	0.004743	8.471329	1.8
971	2.684274	130.763250	0.004755	1.341672	2.7
972	4.104777	131.763216	0.004724	1.738353	1.9
973	3.033401	132.169854	0.004711	3.195354	1.8
974	2.614027	133.132081	0.004682	1.864628	1.8
975	2.679394	134.047566	0.004654	1.467691	1.8
976	2.493698	133.964060	0.004657	1.409406	1.7
977	2.677497	133.830154	0.004661	1.587263	1.8
978	3.790841	133.621825	0.004667	2.795618	1.9
979	2.041405	133.708406	0.004664	0.979700	1.8
980	2.517861	134.018930	0.004655	0.486314	2.1
981	4.099948	133.959865	0.004657	2.812541	1.8
982	3.602074	133.733791	0.004664	2.002300	1.8
983	2.258620	133.354609	0.004675	0.903378	1.8
984	3.335609	133.270973	0.004678	1.551090	2.0
985	1.886290	133.116080	0.004682	0.593229	1.8
986	4.928817	133.167602	0.004681	1.890139	1.8
987	2.820610	133.333668	0.004676	2.228696	1.8
988	2.399267	134.289754	0.004647	1.124833	1.8
989	3.092949	134.279096	0.004647	2.800353	1.8
990	2.021619	134.393913	0.004644	0.465989	1.9
991	2.978576	134.807491	0.004632	4.623671	1.8
992	2.969764	134.896315	0.004629	1.863753	1.8
993	2.898887	135.871168	0.004600	5.081142	1.8
994	2.997843	136.870841	0.004571	1.608822	1.8
995	2.097645	137.846228	0.004543	1.202198	1.8
996	3.093824	138.088565	0.004536	3.679062	1.8
997	2.021120	138.966641	0.004511	0.675429	1.8
998	2.826577	138.615836	0.004521	1.117347	1.8
999	2.550189	138.554785	0.004523	1.261104	2.0
