1:ItNr	2:Metric	3a:Time	3b:StepSize	4:||Gradient||	Time[ms]
0	5.967806	0.000000	0.059525	3.722827	722.2
1	8.455165	0.000000	0.059525	1.992371	6.6
2	11.541320	0.000000	0.059525	17.462986	6.6
3	12.772052	1.000000	0.056819	8.716973	8.3
4	8.945061	2.000000	0.054349	4.253297	4.7
5	10.363879	2.876152	0.052354	7.398724	4.0
6	9.091571	3.872780	0.050256	4.407655	3.8
7	7.354659	4.538465	0.048946	6.659026	4.7
8	9.322910	3.998078	0.050005	5.650385	4.1
9	6.378979	4.998076	0.048081	1.709793	2.8
10	6.799502	4.458769	0.049100	3.838072	3.2
11	6.120668	4.857983	0.048342	0.876206	3.2
12	6.061818	5.595436	0.047001	1.515266	3.1
13	5.877770	5.721175	0.046780	0.959534	2.7
14	9.802757	5.898497	0.046472	0.906653	2.8
15	6.744921	6.024237	0.046255	1.616730	3.2
16	7.450226	5.846703	0.046561	3.968375	3.0
17	6.266561	5.364982	0.047412	2.988671	2.7
18	7.473020	6.348354	0.045707	2.423021	3.2
19	6.814479	7.249792	0.044249	2.068669	3.3
20	6.299359	7.844589	0.043336	4.304297	3.3
21	5.606828	8.678776	0.042118	2.113445	3.1
22	7.968048	8.140840	0.042896	4.832025	3.0
23	6.271295	9.121589	0.041499	5.576249	2.6
24	6.690090	8.581170	0.042257	2.865676	3.1
25	10.197616	9.580370	0.040876	4.854196	3.3
26	8.587079	9.040557	0.041611	3.887783	2.9
27	5.664048	10.038284	0.040273	0.805899	3.2
28	9.583279	9.757349	0.040641	8.602081	2.8
29	6.220513	9.779014	0.040613	2.933296	3.2
30	14.221159	10.779014	0.039335	10.794544	3.3
31	8.568762	10.238611	0.040015	3.390405	3.0
32	4.999432	11.238611	0.038774	4.155109	2.8
33	8.918943	10.698246	0.039435	6.617129	3.0
34	6.825749	11.449787	0.038522	1.794652	3.2
35	7.384378	12.034710	0.037840	0.341374	3.0
36	6.254081	11.918393	0.037973	1.127584	3.0
37	10.149289	11.916648	0.037975	6.375045	2.8
38	6.552036	11.586268	0.038360	2.786151	3.1
39	6.955136	11.066158	0.038982	3.735034	3.3
40	9.634172	10.959478	0.039113	7.776746	2.6
41	6.140296	11.926971	0.037963	2.934211	3.4
42	5.851307	12.926940	0.036844	1.674667	3.1
43	6.070412	13.722359	0.036000	2.225775	3.1
44	6.128529	14.214767	0.035497	3.126219	2.7
45	5.389695	14.875557	0.034843	0.811442	3.1
46	4.440324	14.751052	0.034964	1.947009	3.3
47	13.664318	14.726818	0.034988	7.483686	3.5
48	8.234041	14.250301	0.035461	0.912533	3.4
49	14.190607	13.719442	0.036003	18.703398	3.4
50	8.816221	13.190564	0.036560	6.975586	3.4
51	6.480999	14.190564	0.035521	2.948585	3.2
52	10.452124	13.678136	0.036046	18.817771	3.2
53	5.217619	14.677768	0.035036	3.164378	3.2
54	7.313038	15.677768	0.034081	9.068182	2.6
55	9.735756	15.137351	0.034591	5.632271	3.0
56	6.655907	16.137312	0.033659	0.586104	3.3
57	7.124381	16.759383	0.033105	1.402313	3.3
58	9.008150	16.633890	0.033215	4.439786	3.4
59	8.359571	16.130947	0.033665	2.759081	3.3
60	6.152736	17.118127	0.032793	1.709108	3.3
61	9.339899	17.603384	0.032381	5.223248	3.0
62	7.700451	18.237263	0.031858	6.197847	2.7
63	5.501299	19.237021	0.031066	1.544300	2.7
64	4.852404	18.936274	0.031300	1.399888	2.6
65	5.943877	19.096074	0.031176	2.106521	2.4
66	6.869909	18.764184	0.031436	0.347229	2.6
67	5.845844	18.884902	0.031341	1.878420	3.0
68	5.974825	18.862081	0.031359	2.575756	2.6
69	5.878150	18.942431	0.031295	1.281481	2.6
70	4.964500	18.577640	0.031584	1.697672	2.6
71	7.986117	18.387826	0.031736	3.795045	2.5
72	10.359582	19.337896	0.030989	8.495087	2.6
73	7.092826	20.337772	0.030239	3.535678	2.5
74	7.108057	20.824998	0.029887	4.907359	2.4
75	8.020648	21.823851	0.029190	5.325208	2.4
76	5.048669	22.745877	0.028575	2.458853	2.3
77	6.640473	23.633675	0.028006	3.491129	2.6
78	6.312465	23.618183	0.028016	3.138742	2.7
79	14.221212	23.148484	0.028314	12.506751	2.6
80	7.342013	24.148484	0.027687	5.958504	2.7
81	6.189844	25.148484	0.027087	2.134866	2.7
82	6.866743	24.615372	0.027403	4.249831	2.6
83	7.186121	24.100302	0.027716	4.225809	2.6
84	7.425533	25.070455	0.027133	2.409834	2.5
85	6.449867	25.829112	0.026693	3.444799	2.6
86	8.894592	25.777731	0.026722	3.376944	2.7
87	6.897601	26.773765	0.026165	4.185877	2.1
88	6.541440	26.329482	0.026411	1.655320	2.6
89	4.185176	26.829521	0.026135	1.059414	2.0
90	5.944253	27.178408	0.025946	1.172379	2.5
91	7.626392	27.495582	0.025776	4.215162	1.9
92	7.583706	28.073501	0.025472	7.375129	2.6
93	7.459782	27.553259	0.025745	4.862797	2.0
94	6.553304	28.553259	0.025226	3.176351	2.6
95	7.262432	28.133815	0.025441	4.334478	2.5
96	6.206958	29.086256	0.024957	4.188466	3.4
97	5.540130	30.040571	0.024491	2.289807	2.5
98	9.595491	30.998785	0.024039	6.912779	2.8
99	6.553712	30.459999	0.024291	2.685583	2.1
100	7.750427	31.427382	0.023843	0.961661	2.6
101	4.699561	31.948778	0.023608	1.208170	2.6
102	4.997220	32.083213	0.023548	1.439768	2.5
103	6.516375	31.865926	0.023645	2.174165	2.1
104	7.298989	32.024615	0.023574	1.736317	2.0
105	10.878149	32.751491	0.023255	6.046577	2.0
106	6.251583	32.343115	0.023434	5.212039	2.0
107	5.082982	32.764633	0.023250	0.600022	1.9
108	5.979398	32.815390	0.023228	2.284277	2.0
109	6.143230	33.117246	0.023098	3.696856	2.7
110	7.120835	34.105045	0.022684	2.998920	2.0
111	9.242318	33.899866	0.022769	2.358374	2.0
112	8.923026	33.497867	0.022937	5.315256	2.0
113	6.479221	32.977640	0.023158	4.386950	2.0
114	5.709768	32.743478	0.023259	1.439125	2.0
115	6.834858	32.808543	0.023231	3.800680	1.9
116	8.345306	32.329662	0.023439	5.207846	1.9
117	13.198119	31.789266	0.023679	9.882820	1.9
118	7.467602	32.789266	0.023239	2.964650	1.9
119	6.925997	33.789206	0.022815	2.098312	2.0
120	4.752446	34.535687	0.022508	1.391781	2.0
121	5.266753	34.249948	0.022625	1.739665	1.9
122	7.174004	33.999960	0.022728	3.097698	2.0
123	6.644622	33.982672	0.022735	1.663540	1.9
124	6.913729	34.494992	0.022525	5.426546	1.9
125	5.670440	33.957394	0.022745	0.502819	2.0
126	5.698130	33.709901	0.022848	2.236130	1.9
127	6.456144	33.817365	0.022803	2.523891	1.9
128	6.298149	34.597701	0.022483	1.571910	2.0
129	6.847773	34.652538	0.022461	2.315271	2.0
130	7.671360	35.122294	0.022273	2.539366	2.0
131	9.683325	35.559993	0.022101	7.886451	1.9
132	9.158208	35.680307	0.022054	6.607988	2.0
133	5.845496	35.139890	0.022266	2.810022	2.0
134	5.975695	36.139882	0.021876	2.073118	2.0
135	5.242758	36.260779	0.021830	2.388405	2.0
136	6.711873	36.023669	0.021921	3.607022	1.9
137	5.948113	35.493708	0.022127	3.342065	2.0
138	7.155800	35.992040	0.021933	2.398203	2.0
139	7.413162	36.969678	0.021563	2.957924	2.0
140	5.363210	37.668001	0.021307	2.002624	2.0
141	5.979349	38.610752	0.020970	2.908032	1.9
142	6.978634	38.097291	0.021152	1.915104	2.1
143	5.869733	39.046348	0.020818	2.035807	2.0
144	6.263017	39.027623	0.020824	3.777166	2.0
145	5.534859	38.535634	0.020996	1.368605	2.0
146	4.630474	39.285471	0.020735	2.669177	2.0
147	6.886262	39.403676	0.020694	2.552987	2.0
148	6.034707	38.894613	0.020870	1.374429	1.9
149	5.669074	38.503126	0.021008	1.311228	2.7
150	7.407775	38.970451	0.020844	6.788106	2.1
151	7.761418	38.434875	0.021032	2.795565	1.9
152	6.944437	39.381157	0.020702	1.587377	2.0
153	6.288855	40.160388	0.020438	2.489199	1.9
154	7.868832	40.217783	0.020419	2.876623	2.0
155	5.654611	39.848218	0.020543	2.900556	1.9
156	10.387934	40.839353	0.020214	3.791543	2.0
157	6.115609	40.769244	0.020237	2.386734	2.0
158	6.647828	41.538181	0.019988	2.221666	2.0
159	7.963366	42.331009	0.019738	3.569021	2.0
160	6.636500	42.149258	0.019795	1.073647	2.0
161	5.487947	41.688396	0.019940	1.864812	2.0
162	7.539301	41.442922	0.020019	1.984519	1.9
163	5.749774	42.076876	0.019817	2.000329	2.3
164	4.712012	41.631781	0.019958	1.725365	2.0
165	6.886425	41.851526	0.019888	3.193858	2.0
166	6.118223	42.794070	0.019595	2.071973	2.0
167	7.293518	42.262374	0.019759	2.656243	1.9
168	6.297030	42.449862	0.019701	1.355545	2.0
169	6.130827	42.093113	0.019812	2.574796	2.0
170	6.003724	41.621483	0.019961	1.307899	2.0
171	6.272629	41.239095	0.020084	1.907964	1.9
172	7.005715	40.899161	0.020194	1.654416	1.9
173	7.176522	40.971994	0.020171	3.676346	1.9
174	6.451402	41.880161	0.019879	2.459973	1.9
175	6.953679	42.360703	0.019729	4.795553	1.9
176	7.451650	43.343749	0.019427	3.214305	2.0
177	6.018468	43.603230	0.019349	2.783315	2.0
178	7.019308	44.562451	0.019066	5.072627	2.0
179	7.612577	44.123729	0.019194	3.583099	1.9
180	7.070939	43.588694	0.019353	2.150640	1.9
181	7.198375	44.190387	0.019175	3.735265	1.9
182	9.260978	44.300639	0.019142	4.122827	1.9
183	5.287135	45.300544	0.018854	2.084174	1.9
184	6.522465	45.721542	0.018735	2.739841	2.0
185	6.152213	46.422831	0.018540	3.227658	2.0
186	8.317318	45.892834	0.018687	3.946159	2.0
187	6.207716	45.352619	0.018839	2.868134	1.9
188	4.858165	46.154730	0.018614	3.704575	2.0
189	10.543302	46.807989	0.018435	0.957240	1.9
190	6.692292	46.506353	0.018517	6.107255	2.0
191	5.836874	45.989094	0.018660	1.180401	2.0
192	6.719570	46.957175	0.018394	2.055269	2.0
193	5.336891	46.614835	0.018487	1.328181	2.0
194	6.689178	46.188188	0.018605	1.053463	2.0
195	6.627200	46.343106	0.018562	4.260512	2.0
196	6.586162	46.413755	0.018542	2.481431	2.0
197	7.716908	46.498745	0.018519	6.035131	2.0
198	6.821923	46.232028	0.018593	4.736947	2.0
199	9.141156	47.215926	0.018324	2.036144	2.0
200	8.167993	46.759339	0.018448	3.351141	2.0
201	6.193264	47.721371	0.018190	2.051957	2.0
202	6.088193	47.200309	0.018329	4.117141	1.9
203	5.996467	46.767505	0.018446	2.316731	1.9
204	8.597515	47.691349	0.018198	2.456828	2.0
205	5.792498	48.615518	0.017956	0.794621	2.0
206	5.235040	48.412243	0.018009	2.857070	2.0
207	9.233433	48.655115	0.017946	6.432915	2.0
208	8.156347	49.655072	0.017692	1.338869	2.0
209	7.867066	50.641637	0.017448	0.841475	2.0
210	7.948062	50.440998	0.017497	3.467701	1.9
211	7.547149	50.945386	0.017375	4.544670	2.0
212	6.983310	50.405013	0.017506	2.656126	2.0
213	7.704927	51.401345	0.017265	4.264987	2.0
214	6.545353	52.289781	0.017056	2.722526	2.0
215	7.701907	53.284966	0.016827	4.668206	2.0
216	8.152619	54.283443	0.016604	6.017637	2.1
217	6.523181	55.156735	0.016414	3.084422	2.0
218	7.933374	54.616325	0.016531	5.800525	2.0
219	5.756968	55.548302	0.016330	2.849941	2.0
220	7.183114	55.157962	0.016413	4.283629	1.9
221	6.749988	54.635019	0.016527	2.466491	2.0
222	8.015773	54.351757	0.016589	5.660631	2.0
223	10.762788	53.864148	0.016697	3.679098	2.0
224	6.854159	54.856032	0.016479	5.124516	2.0
225	7.319677	54.316058	0.016597	7.188450	2.0
226	6.487309	55.136406	0.016418	4.324666	2.0
227	7.556488	56.136406	0.016205	1.689655	2.0
228	9.113142	55.610141	0.016317	6.586862	2.0
229	6.469218	55.092093	0.016428	2.557755	1.9
230	8.657319	56.092053	0.016215	5.601989	1.9
231	10.169784	57.091555	0.016007	8.314135	3.0
232	7.251437	58.091555	0.015805	4.003698	2.9
233	6.856958	59.091554	0.015607	5.526012	2.5
234	6.267860	59.740841	0.015482	1.749049	2.5
235	4.601418	59.490461	0.015530	1.079072	2.5
236	7.043510	59.942965	0.015443	2.932591	2.5
237	8.415218	59.515312	0.015525	2.830531	2.6
238	5.996002	59.693936	0.015491	1.591840	2.6
239	5.159221	59.256214	0.015575	0.842196	2.7
240	5.852309	59.222195	0.015582	0.448322	2.0
241	10.611379	59.226068	0.015581	13.622221	2.0
242	7.673292	59.048733	0.015616	6.044104	2.0
243	8.253969	60.048733	0.015423	6.005405	2.0
244	4.945252	59.508346	0.015527	1.286847	1.9
245	7.142617	59.070063	0.015612	2.651865	2.0
246	5.630009	59.751284	0.015480	0.881867	2.0
247	5.656881	59.932587	0.015445	3.539869	2.0
248	5.894095	59.566275	0.015515	3.348058	2.0
249	7.660758	59.498753	0.015528	3.566597	2.0
250	8.451277	60.445970	0.015348	3.880225	2.0
251	6.189105	61.442070	0.015162	1.147977	2.0
252	7.303630	61.540025	0.015144	5.660800	2.0
253	5.425194	61.013223	0.015242	2.309592	1.9
254	7.164106	62.012858	0.015058	7.126785	2.0
255	5.620027	61.473353	0.015157	0.538430	1.9
256	6.259507	61.976197	0.015065	1.603359	2.0
257	5.385944	61.821161	0.015093	1.164359	2.0
258	8.113339	61.807596	0.015095	3.584242	2.0
259	6.326961	61.322247	0.015184	2.606951	2.0
260	5.934392	60.792227	0.015283	1.212934	2.1
261	7.832092	61.420233	0.015166	5.521053	1.9
262	6.550782	62.227976	0.015019	2.461420	2.0
263	6.005943	61.695585	0.015116	2.161882	1.9
264	8.463808	61.287485	0.015191	3.576077	2.0
265	11.199286	61.792036	0.015098	6.904621	2.0
266	6.317748	62.789908	0.014918	1.185510	2.0
267	12.909268	63.587519	0.014778	8.499808	1.9
268	5.320106	64.026649	0.014701	1.042457	2.1
269	10.747125	65.002860	0.014535	7.418734	2.3
270	6.204348	65.929264	0.014380	2.483923	2.0
271	6.097966	66.929247	0.014216	3.262957	2.0
272	6.214602	66.713607	0.014251	2.308800	2.0
273	6.719937	66.239478	0.014329	2.472503	2.0
274	6.174846	66.160280	0.014342	3.601927	2.0
275	5.230041	66.127240	0.014347	1.170938	2.0
276	5.662740	65.884424	0.014387	2.488100	2.0
277	6.711865	66.121523	0.014348	3.405877	2.0
278	6.583845	65.673286	0.014422	1.088156	1.9
279	7.880348	65.934182	0.014379	5.179397	2.0
280	4.417501	65.765575	0.014407	1.941987	2.0
281	7.513740	66.750941	0.014245	1.990247	2.0
282	7.552585	66.346894	0.014311	1.242507	2.0
283	4.874819	66.837267	0.014231	1.783136	1.9
284	7.648950	66.986010	0.014207	2.805036	2.0
285	9.999342	66.536092	0.014280	2.177885	2.0
286	8.356872	66.476174	0.014290	5.967196	2.0
287	6.578169	65.936088	0.014379	4.779345	1.9
288	5.546016	66.936087	0.014215	2.615826	2.0
289	6.723348	67.921008	0.014058	3.333662	2.0
290	6.524269	68.544157	0.013960	3.949528	2.0
291	5.210301	68.003874	0.014045	3.710347	2.0
292	7.794319	67.817552	0.014074	3.687004	2.0
293	5.513694	67.279668	0.014160	1.496900	2.0
294	6.481289	66.834702	0.014231	1.298256	2.0
295	7.360402	67.138240	0.014182	1.988472	2.0
296	6.055027	67.429393	0.014136	1.740008	2.0
297	6.207698	67.872697	0.014065	1.165746	2.0
298	6.081246	67.704083	0.014092	1.941575	2.0
299	7.406091	67.592613	0.014110	1.328848	2.0
